  0.0000000e+000, -3.4195168e+001,
  1.5625000e+001, -3.7534721e+001,
  3.1250000e+001, -4.8311829e+001,
  4.6875000e+001, -6.9901321e+001,
  6.2500000e+001, -9.9116518e+001,
  7.8125000e+001, -9.8305149e+001,
  9.3750000e+001, -1.0019247e+002,
  1.0937500e+002, -1.0239140e+002,
  1.2500000e+002, -9.8728472e+001,
  1.4062500e+002, -9.7029299e+001,
  1.5625000e+002, -9.5553546e+001,
  1.7187500e+002, -9.7387948e+001,
  1.8750000e+002, -9.5753449e+001,
  2.0312500e+002, -9.5571185e+001,
  2.1875000e+002, -9.6135616e+001,
  2.3437500e+002, -1.0239140e+002,
  2.5000000e+002, -1.0239140e+002,
  2.6562500e+002, -9.8152282e+001,
  2.8125000e+002, -9.4989115e+001,
  2.9687500e+002, -9.6306121e+001,
  3.1250000e+002, -1.0085097e+002,
  3.2812500e+002, -1.0239140e+002,
  3.4375000e+002, -1.0182696e+002,
  3.5937500e+002, -9.7529056e+001,
  3.7500000e+002, -1.0089800e+002,
  3.9062500e+002, -1.0239140e+002,
  4.0625000e+002, -1.0239140e+002,
  4.2187500e+002, -1.0205626e+002,
  4.3750000e+002, -1.0239140e+002,
  4.5312500e+002, -1.0239140e+002,
  4.6875000e+002, -1.0239140e+002,
  4.8437500e+002, -1.0239140e+002,
  5.0000000e+002, -1.0239140e+002,
  5.1562500e+002, -1.0239140e+002,
  5.3125000e+002, -1.0239140e+002,
  5.4687500e+002, -1.0239140e+002,
  5.6250000e+002, -1.0239140e+002,
  5.7812500e+002, -1.0239140e+002,
  5.9375000e+002, -1.0232672e+002,
  6.0937500e+002, -9.8175800e+001,
  6.2500000e+002, -1.0239140e+002,
  6.4062500e+002, -1.0239140e+002,
  6.5625000e+002, -9.9045965e+001,
  6.7187500e+002, -9.9316421e+001,
  6.8750000e+002, -9.9810299e+001,
  7.0312500e+002, -1.0239140e+002,
  7.1875000e+002, -1.0239140e+002,
  7.3437500e+002, -1.0239140e+002,
  7.5000000e+002, -1.0239140e+002,
  7.6562500e+002, -9.7746597e+001,
  7.8125000e+002, -9.5747570e+001,
  7.9687500e+002, -1.0019247e+002,
  8.1250000e+002, -1.0239140e+002,
  8.2812500e+002, -1.0239140e+002,
  8.4375000e+002, -1.0239140e+002,
  8.5937500e+002, -1.0239140e+002,
  8.7500000e+002, -1.0099796e+002,
  8.9062500e+002, -9.9316421e+001,
  9.0625000e+002, -9.8622641e+001,
  9.2187500e+002, -1.0185636e+002,
  9.3750000e+002, -1.0239140e+002,
  9.5312500e+002, -3.5806145e+001,
  9.6875000e+002, -1.4151978e+001,
  9.8437500e+002, -3.3807526e+000,
  1.0000000e+003, -2.9441833e-002,
  1.0156250e+003, -3.3807526e+000,
  1.0312500e+003, -1.4151978e+001,
  1.0468750e+003, -3.5800270e+001,
  1.0625000e+003, -9.7952379e+001,
  1.0781250e+003, -1.0085097e+002,
  1.0937500e+003, -9.6294363e+001,
  1.1093750e+003, -9.4195384e+001,
  1.1250000e+003, -9.3642712e+001,
  1.1406250e+003, -9.4859766e+001,
  1.1562500e+003, -9.6635373e+001,
  1.1718750e+003, -1.0239140e+002,
  1.1875000e+003, -9.9592757e+001,
  1.2031250e+003, -9.7952379e+001,
  1.2187500e+003, -1.0239140e+002,
  1.2343750e+003, -9.6982263e+001,
  1.2500000e+003, -9.5888678e+001,
  1.2656250e+003, -9.7658404e+001,
  1.2812500e+003, -1.0239140e+002,
  1.2968750e+003, -1.0239140e+002,
  1.3125000e+003, -1.0239140e+002,
  1.3281250e+003, -9.9122398e+001,
  1.3437500e+003, -9.7205684e+001,
  1.3593750e+003, -9.3601555e+001,
  1.3750000e+003, -1.0070986e+002,
  1.3906250e+003, -1.0239140e+002,
  1.4062500e+003, -9.9122398e+001,
  1.4218750e+003, -9.9381096e+001,
  1.4375000e+003, -9.9239988e+001,
  1.4531250e+003, -1.0239140e+002,
  1.4687500e+003, -1.0048644e+002,
  1.4843750e+003, -1.0099796e+002,
  1.5000000e+003, -1.0239140e+002,
  1.5156250e+003, -1.0034533e+002,
  1.5312500e+003, -1.0239140e+002,
  1.5468750e+003, -1.0239140e+002,
  1.5625000e+003, -9.9210590e+001,
  1.5781250e+003, -9.8928375e+001,
  1.5937500e+003, -1.0119786e+002,
  1.6093750e+003, -1.0186812e+002,
  1.6250000e+003, -1.0224441e+002,
  1.6406250e+003, -1.0239140e+002,
  1.6562500e+003, -1.0135660e+002,
  1.6718750e+003, -1.0239140e+002,
  1.6875000e+003, -1.0239140e+002,
  1.7031250e+003, -1.0239140e+002,
  1.7187500e+003, -1.0011015e+002,
  1.7343750e+003, -9.9093001e+001,
  1.7500000e+003, -1.0180933e+002,
  1.7656250e+003, -1.0119786e+002,
  1.7812500e+003, -1.0041001e+002,
  1.7968750e+003, -1.0239140e+002,
  1.8125000e+003, -1.0239140e+002,
  1.8281250e+003, -1.0239140e+002,
  1.8437500e+003, -1.0239140e+002,
  1.8593750e+003, -1.0146832e+002,
  1.8750000e+003, -9.7205684e+001,
  1.8906250e+003, -9.6364916e+001,
  1.9062500e+003, -1.0146832e+002,
  1.9218750e+003, -9.8857821e+001,
  1.9375000e+003, -9.6946986e+001,
  1.9531250e+003, -3.5770874e+001,
  1.9687500e+003, -1.4128464e+001,
  1.9843750e+003, -3.3631134e+000,
  2.0000000e+003, -2.3559570e-002,
  2.0156250e+003, -3.3689880e+000,
  2.0312500e+003, -1.4146103e+001,
  2.0468750e+003, -3.5800270e+001,
  2.0625000e+003, -9.5471233e+001,
  2.0781250e+003, -9.4830369e+001,
  2.0937500e+003, -9.8663798e+001,
  2.1093750e+003, -1.0079217e+002,
  2.1250000e+003, -1.0239140e+002,
  2.1406250e+003, -1.0239140e+002,
  2.1562500e+003, -1.0205626e+002,
  2.1718750e+003, -1.0239140e+002,
  2.1875000e+003, -9.9810299e+001,
  2.2031250e+003, -9.6870553e+001,
  2.2187500e+003, -9.7529056e+001,
  2.2343750e+003, -1.0146832e+002,
  2.2500000e+003, -1.0239140e+002,
  2.2656250e+003, -1.0239140e+002,
  2.2812500e+003, -9.8857821e+001,
  2.2968750e+003, -1.0239140e+002,
  2.3125000e+003, -1.0079217e+002,
  2.3281250e+003, -1.0239140e+002,
  2.3437500e+003, -1.0205626e+002,
  2.3593750e+003, -1.0239140e+002,
  2.3750000e+003, -1.0239140e+002,
  2.3906250e+003, -9.7952379e+001,
  2.4062500e+003, -9.7640766e+001,
  2.4218750e+003, -1.0019247e+002,
  2.4375000e+003, -1.0239140e+002,
  2.4531250e+003, -1.0239140e+002,
  2.4687500e+003, -1.0239140e+002,
  2.4843750e+003, -1.0239140e+002,
  2.5000000e+003, -1.0239140e+002,
  2.5156250e+003, -1.0224441e+002,
  2.5312500e+003, -1.0224441e+002,
  2.5468750e+003, -9.8728472e+001,
  2.5625000e+003, -9.5506510e+001,
  2.5781250e+003, -9.4213022e+001,
  2.5937500e+003, -9.6935227e+001,
  2.6093750e+003, -9.3725024e+001,
  2.6250000e+003, -9.2308066e+001,
  2.6406250e+003, -9.3554519e+001,
  2.6562500e+003, -1.0224441e+002,
  2.6718750e+003, -1.0239140e+002,
  2.6875000e+003, -9.8152282e+001,
  2.7031250e+003, -9.9304662e+001,
  2.7187500e+003, -9.7640766e+001,
  2.7343750e+003, -9.6541301e+001,
  2.7500000e+003, -1.0239140e+002,
  2.7656250e+003, -9.9045965e+001,
  2.7812500e+003, -9.6782360e+001,
  2.7968750e+003, -1.0019247e+002,
  2.8125000e+003, -1.0008076e+002,
  2.8281250e+003, -1.0239140e+002,
  2.8437500e+003, -9.9122398e+001,
  2.8593750e+003, -9.7781874e+001,
  2.8750000e+003, -9.7070455e+001,
  2.8906250e+003, -1.0239140e+002,
  2.9062500e+003, -1.0239140e+002,
  2.9218750e+003, -1.0239140e+002,
  2.9375000e+003, -1.0239140e+002,
  2.9531250e+003, -9.8746110e+001,
  2.9687500e+003, -8.8833287e+001,
  2.9843750e+003, -7.8638248e+001,
  3.0000000e+003, -7.5733778e+001,
  3.0156250e+003, -7.9390823e+001,
  3.0312500e+003, -9.0579496e+001,
  3.0468750e+003, -1.0239140e+002,
  3.0625000e+003, -1.0239140e+002,
  3.0781250e+003, -1.0239140e+002,
  3.0937500e+003, -1.0239140e+002,
  3.1093750e+003, -1.0239140e+002,
  3.1250000e+003, -9.9122398e+001,
  3.1406250e+003, -1.0239140e+002,
  3.1562500e+003, -1.0239140e+002,
  3.1718750e+003, -1.0239140e+002,
  3.1875000e+003, -1.0239140e+002,
  3.2031250e+003, -1.0239140e+002,
  3.2187500e+003, -1.0239140e+002,
  3.2343750e+003, -1.0146832e+002,
  3.2500000e+003, -9.8746110e+001,
  3.2656250e+003, -9.8275751e+001,
  3.2812500e+003, -9.9210590e+001,
  3.2968750e+003, -1.0239140e+002,
  3.3125000e+003, -1.0239140e+002,
  3.3281250e+003, -9.7105732e+001,
  3.3437500e+003, -9.8575605e+001,
  3.3593750e+003, -1.0180933e+002,
  3.3750000e+003, -9.8017054e+001,
  3.3906250e+003, -9.7387948e+001,
  3.4062500e+003, -9.6911709e+001,
  3.4218750e+003, -1.0045704e+002,
  3.4375000e+003, -1.0239140e+002,
  3.4531250e+003, -1.0239140e+002,
  3.4687500e+003, -1.0239140e+002,
  3.4843750e+003, -1.0048644e+002,
  3.5000000e+003, -9.8017054e+001,
  3.5156250e+003, -1.0239140e+002,
  3.5312500e+003, -1.0045704e+002,
  3.5468750e+003, -9.8346305e+001,
  3.5625000e+003, -9.8346305e+001,
  3.5781250e+003, -9.7193924e+001,
  3.5937500e+003, -9.6817637e+001,
  3.6093750e+003, -9.9445770e+001,
  3.6250000e+003, -9.7952379e+001,
  3.6406250e+003, -1.0118610e+002,
  3.6562500e+003, -1.0239140e+002,
  3.6718750e+003, -1.0239140e+002,
  3.6875000e+003, -1.0180933e+002,
  3.7031250e+003, -1.0239140e+002,
  3.7187500e+003, -1.0239140e+002,
  3.7343750e+003, -1.0239140e+002,
  3.7500000e+003, -1.0239140e+002,
  3.7656250e+003, -1.0224441e+002,
  3.7812500e+003, -1.0239140e+002,
  3.7968750e+003, -1.0239140e+002,
  3.8125000e+003, -1.0239140e+002,
  3.8281250e+003, -9.8346305e+001,
  3.8437500e+003, -9.5888678e+001,
  3.8593750e+003, -9.4748056e+001,
  3.8750000e+003, -9.6364916e+001,
  3.8906250e+003, -1.0239140e+002,
  3.9062500e+003, -1.0239140e+002,
  3.9218750e+003, -1.0239140e+002,
  3.9375000e+003, -1.0239140e+002,
  3.9531250e+003, -1.0239140e+002,
  3.9687500e+003, -8.9920993e+001,
  3.9843750e+003, -7.9002777e+001,
  4.0000000e+003, -7.5798452e+001,
  4.0156250e+003, -7.8455984e+001,
  4.0312500e+003, -8.7945483e+001,
  4.0468750e+003, -1.0186812e+002,
  4.0625000e+003, -1.0239140e+002,
  4.0781250e+003, -1.0239140e+002,
  4.0937500e+003, -9.8728472e+001,
  4.1093750e+003, -9.6946986e+001,
  4.1250000e+003, -9.6294363e+001,
  4.1406250e+003, -9.9592757e+001,
  4.1562500e+003, -1.0239140e+002,
  4.1718750e+003, -1.0239140e+002,
  4.1875000e+003, -1.0232672e+002,
  4.2031250e+003, -9.5418318e+001,
  4.2187500e+003, -9.6817637e+001,
  4.2343750e+003, -1.0239140e+002,
  4.2500000e+003, -1.0116258e+002,
  4.2656250e+003, -1.0070986e+002,
  4.2812500e+003, -1.0135660e+002,
  4.2968750e+003, -1.0239140e+002,
  4.3125000e+003, -1.0034533e+002,
  4.3281250e+003, -9.9304662e+001,
  4.3437500e+003, -9.7987656e+001,
  4.3593750e+003, -9.6635373e+001,
  4.3750000e+003, -9.8346305e+001,
  4.3906250e+003, -1.0085097e+002,
  4.4062500e+003, -9.9657432e+001,
  4.4218750e+003, -9.8152282e+001,
  4.4375000e+003, -9.9927888e+001,
  4.4531250e+003, -1.0239140e+002,
  4.4687500e+003, -1.0239140e+002,
  4.4843750e+003, -1.0239140e+002,
  4.5000000e+003, -1.0232672e+002,
  4.5156250e+003, -9.9116518e+001,
  4.5312500e+003, -1.0045704e+002,
  4.5468750e+003, -9.9045965e+001,
  4.5625000e+003, -1.0239140e+002,
  4.5781250e+003, -1.0045704e+002,
  4.5937500e+003, -1.0232672e+002,
  4.6093750e+003, -1.0239140e+002,
  4.6250000e+003, -1.0239140e+002,
  4.6406250e+003, -1.0239140e+002,
  4.6562500e+003, -1.0239140e+002,
  4.6718750e+003, -1.0041001e+002,
  4.6875000e+003, -1.0239140e+002,
  4.7031250e+003, -1.0239140e+002,
  4.7187500e+003, -9.9239988e+001,
  4.7343750e+003, -1.0239140e+002,
  4.7500000e+003, -1.0239140e+002,
  4.7656250e+003, -9.9810299e+001,
  4.7812500e+003, -9.9316421e+001,
  4.7968750e+003, -9.9122398e+001,
  4.8125000e+003, -9.8328667e+001,
  4.8281250e+003, -9.4213022e+001,
  4.8437500e+003, -9.6541301e+001,
  4.8593750e+003, -9.7446743e+001,
  4.8750000e+003, -1.0239140e+002,
  4.8906250e+003, -9.7335032e+001,
  4.9062500e+003, -9.9645673e+001,
  4.9218750e+003, -1.0079217e+002,
  4.9375000e+003, -1.0239140e+002,
  4.9531250e+003, -1.0239140e+002,
  4.9687500e+003, -9.1285035e+001,
  4.9843750e+003, -8.0748985e+001,
  5.0000000e+003, -7.7820999e+001,
  5.0156250e+003, -8.1854330e+001,
  5.0312500e+003, -9.4477599e+001,
  5.0468750e+003, -1.0239140e+002,
  5.0625000e+003, -1.0239140e+002,
  5.0781250e+003, -9.8034692e+001,
  5.0937500e+003, -9.8152282e+001,
  5.1093750e+003, -9.8346305e+001,
  5.1250000e+003, -1.0239140e+002,
  5.1406250e+003, -1.0116258e+002,
  5.1562500e+003, -1.0182696e+002,
  5.1718750e+003, -9.4989115e+001,
  5.1875000e+003, -9.4324733e+001,
  5.2031250e+003, -9.5336005e+001,
  5.2187500e+003, -9.5947472e+001,
  5.2343750e+003, -9.7617248e+001,
  5.2500000e+003, -9.6688288e+001,
  5.2656250e+003, -9.5447715e+001,
  5.2812500e+003, -9.4989115e+001,
  5.2968750e+003, -9.6870553e+001,
  5.3125000e+003, -1.0019247e+002,
  5.3281250e+003, -1.0085097e+002,
  5.3437500e+003, -1.0232672e+002,
  5.3593750e+003, -1.0239140e+002,
  5.3750000e+003, -1.0239140e+002,
  5.3906250e+003, -1.0239140e+002,
  5.4062500e+003, -1.0239140e+002,
  5.4218750e+003, -9.8957772e+001,
  5.4375000e+003, -1.0150947e+002,
  5.4531250e+003, -1.0135660e+002,
  5.4687500e+003, -1.0239140e+002,
  5.4843750e+003, -1.0239140e+002,
  5.5000000e+003, -1.0239140e+002,
  5.5156250e+003, -1.0232672e+002,
  5.5312500e+003, -1.0239140e+002,
  5.5468750e+003, -1.0239140e+002,
  5.5625000e+003, -1.0239140e+002,
  5.5781250e+003, -1.0239140e+002,
  5.5937500e+003, -1.0239140e+002,
  5.6093750e+003, -1.0239140e+002,
  5.6250000e+003, -1.0239140e+002,
  5.6406250e+003, -1.0239140e+002,
  5.6562500e+003, -1.0239140e+002,
  5.6718750e+003, -1.0239140e+002,
  5.6875000e+003, -1.0205626e+002,
  5.7031250e+003, -1.0239140e+002,
  5.7187500e+003, -1.0239140e+002,
  5.7343750e+003, -1.0239140e+002,
  5.7500000e+003, -1.0152123e+002,
  5.7656250e+003, -9.9304662e+001,
  5.7812500e+003, -9.8499172e+001,
  5.7968750e+003, -1.0019247e+002,
  5.8125000e+003, -9.9927888e+001,
  5.8281250e+003, -1.0239140e+002,
  5.8437500e+003, -1.0239140e+002,
  5.8593750e+003, -1.0205626e+002,
  5.8750000e+003, -1.0239140e+002,
  5.8906250e+003, -1.0239140e+002,
  5.9062500e+003, -1.0239140e+002,
  5.9218750e+003, -9.8193438e+001,
  5.9375000e+003, -1.0239140e+002,
  5.9531250e+003, -1.0239140e+002,
  5.9687500e+003, -9.5100825e+001,
  5.9843750e+003, -8.5176243e+001,
  6.0000000e+003, -8.1766138e+001,
  6.0156250e+003, -8.5946457e+001,
  6.0312500e+003, -9.8746110e+001,
  6.0468750e+003, -1.0239140e+002,
  6.0625000e+003, -9.8957772e+001,
  6.0781250e+003, -1.0232672e+002,
  6.0937500e+003, -1.0239140e+002,
  6.1093750e+003, -1.0239140e+002,
  6.1250000e+003, -1.0239140e+002,
  6.1406250e+003, -1.0239140e+002,
  6.1562500e+003, -1.0239140e+002,
  6.1718750e+003, -1.0239140e+002,
  6.1875000e+003, -1.0060991e+002,
  6.2031250e+003, -9.6229688e+001,
  6.2187500e+003, -1.0019247e+002,
  6.2343750e+003, -9.9657432e+001,
