  0.0000000e+000,  2.4825425e-002,
  1.5625000e+001,  1.6889815e-002,
  3.1250000e+001,  4.8839311e-003,
  4.6875000e+001,  3.9773493e-004,
  6.2500000e+001,  9.3219018e-006,
  7.8125000e+001,  7.5932941e-006,
  9.3750000e+001,  1.9194439e-005,
  1.0937500e+002,  2.9243385e-005,
  1.2500000e+002,  2.7071637e-005,
  1.4062500e+002,  1.4020749e-005,
  1.5625000e+002,  7.5932941e-006,
  1.7187500e+002,  1.2454482e-005,
  1.8750000e+002,  1.1662996e-005,
  2.0312500e+002,  9.8739827e-006,
  2.1875000e+002,  7.5932941e-006,
  2.3437500e+002,  1.0416369e-005,
  2.5000000e+002,  1.2311986e-005,
  2.6562500e+002,  7.5932941e-006,
  2.8125000e+002,  1.2564561e-005,
  2.9687500e+002,  1.4231106e-005,
  3.1250000e+002,  9.8739827e-006,
  3.2812500e+002,  7.5932941e-006,
  3.4375000e+002,  7.5932941e-006,
  3.5937500e+002,  1.0833453e-005,
  3.7500000e+002,  1.7938163e-005,
  3.9062500e+002,  2.2595571e-005,
  4.0625000e+002,  2.4490987e-005,
  4.2187500e+002,  2.1491622e-005,
  4.3750000e+002,  1.1191226e-005,
  4.5312500e+002,  7.8919945e-006,
  4.6875000e+002,  1.4154249e-005,
  4.8437500e+002,  1.1313091e-005,
  5.0000000e+002,  7.6500442e-006,
  5.1562500e+002,  1.4454400e-005,
  5.3125000e+002,  1.0480020e-005,
  5.4687500e+002,  1.2154653e-005,
  5.6250000e+002,  1.0402277e-005,
  5.7812500e+002,  1.2121787e-005,
  5.9375000e+002,  8.0648067e-006,
  6.0937500e+002,  7.5932941e-006,
  6.2500000e+002,  8.4848087e-006,
  6.4062500e+002,  1.4011262e-005,
  6.5625000e+002,  1.0921809e-005,
  6.7187500e+002,  9.9074580e-006,
  6.8750000e+002,  1.2370462e-005,
  7.0312500e+002,  1.7829214e-005,
  7.1875000e+002,  1.0083367e-005,
  7.3437500e+002,  7.5932941e-006,
  7.5000000e+002,  7.5932941e-006,
  7.6562500e+002,  7.5932941e-006,
  7.8125000e+002,  8.0484461e-006,
  7.9687500e+002,  7.9509769e-006,
  8.1250000e+002,  7.5932941e-006,
  8.2812500e+002,  7.5932941e-006,
  8.4375000e+002,  7.5932941e-006,
  8.5937500e+002,  1.1274866e-005,
  8.7500000e+002,  1.3590905e-005,
  8.9062500e+002,  7.5932941e-006,
  9.0625000e+002,  7.5932941e-006,
  9.2187500e+002,  7.5932941e-006,
  9.3750000e+002,  1.2454482e-005,
  9.5312500e+002,  1.6228583e-002,
  9.6875000e+002,  1.9606547e-001,
  9.8437500e+002,  6.7758280e-001,
  1.0000000e+003,  9.9594230e-001,
  1.0156250e+003,  6.7758280e-001,
  1.0312500e+003,  1.9606547e-001,
  1.0468750e+003,  1.6217597e-002,
  1.0625000e+003,  1.1718390e-005,
  1.0781250e+003,  7.5932941e-006,
  1.0937500e+003,  1.3317697e-005,
  1.1093750e+003,  1.4337465e-005,
  1.1250000e+003,  7.5932941e-006,
  1.1406250e+003,  7.5932941e-006,
  1.1562500e+003,  1.1160965e-005,
  1.1718750e+003,  1.1662996e-005,
  1.1875000e+003,  1.0402277e-005,
  1.2031250e+003,  8.9146070e-006,
  1.2187500e+003,  7.5932941e-006,
  1.2343750e+003,  7.5932941e-006,
  1.2500000e+003,  8.1195826e-006,
  1.2656250e+003,  7.6500442e-006,
  1.2812500e+003,  9.8739827e-006,
  1.2968750e+003,  9.0177827e-006,
  1.3125000e+003,  1.7270917e-005,
  1.3281250e+003,  1.3094224e-005,
  1.3437500e+003,  7.6500442e-006,
  1.3593750e+003,  9.9074580e-006,
  1.3750000e+003,  1.3794813e-005,
  1.3906250e+003,  1.0444611e-005,
  1.4062500e+003,  7.5932941e-006,
  1.4218750e+003,  7.5932941e-006,
  1.4375000e+003,  7.5932941e-006,
  1.4531250e+003,  7.5932941e-006,
  1.4687500e+003,  1.1063183e-005,
  1.4843750e+003,  9.2152466e-006,
  1.5000000e+003,  7.5932941e-006,
  1.5156250e+003,  7.5932941e-006,
  1.5312500e+003,  7.5932941e-006,
  1.5468750e+003,  1.5320815e-005,
  1.5625000e+003,  1.0480020e-005,
  1.5781250e+003,  8.7472374e-006,
  1.5937500e+003,  7.5932941e-006,
  1.6093750e+003,  7.5932941e-006,
  1.6250000e+003,  9.0667485e-006,
  1.6406250e+003,  1.4454400e-005,
  1.6562500e+003,  7.5932941e-006,
  1.6718750e+003,  7.5932941e-006,
  1.6875000e+003,  8.4447002e-006,
  1.7031250e+003,  9.4874143e-006,
  1.7187500e+003,  1.0416369e-005,
  1.7343750e+003,  1.0444611e-005,
  1.7500000e+003,  7.5932941e-006,
  1.7656250e+003,  7.5932941e-006,
  1.7812500e+003,  7.5932941e-006,
  1.7968750e+003,  7.5932941e-006,
  1.8125000e+003,  7.5932941e-006,
  1.8281250e+003,  7.5932941e-006,
  1.8437500e+003,  1.2311986e-005,
  1.8593750e+003,  7.5932941e-006,
  1.8750000e+003,  7.5932941e-006,
  1.8906250e+003,  1.0914419e-005,
  1.9062500e+003,  9.3219018e-006,
  1.9218750e+003,  8.7472374e-006,
  1.9375000e+003,  7.5932941e-006,
  1.9531250e+003,  1.6261574e-002,
  1.9687500e+003,  1.9659697e-001,
  1.9843750e+003,  6.7896022e-001,
  2.0000000e+003,  9.9729128e-001,
  2.0156250e+003,  6.7850117e-001,
  2.0312500e+003,  1.9619813e-001,
  2.0468750e+003,  1.6195660e-002,
  2.0625000e+003,  1.1313091e-005,
  2.0781250e+003,  1.0151853e-005,
  2.0937500e+003,  7.5932941e-006,
  2.1093750e+003,  1.2539072e-005,
  2.1250000e+003,  1.8306158e-005,
  2.1406250e+003,  2.1977098e-005,
  2.1562500e+003,  1.3120842e-005,
  2.1718750e+003,  8.0648067e-006,
  2.1875000e+003,  7.5932941e-006,
  2.2031250e+003,  7.5932941e-006,
  2.2187500e+003,  7.5932941e-006,
  2.2343750e+003,  7.5932941e-006,
  2.2500000e+003,  7.5932941e-006,
  2.2656250e+003,  1.1274866e-005,
  2.2812500e+003,  7.9509769e-006,
  2.2968750e+003,  9.3979303e-006,
  2.3125000e+003,  7.5932941e-006,
  2.3281250e+003,  7.5932941e-006,
  2.3437500e+003,  7.5932941e-006,
  2.3593750e+003,  8.0484461e-006,
  2.3750000e+003,  7.5932941e-006,
  2.3906250e+003,  9.3979303e-006,
  2.4062500e+003,  7.5932941e-006,
  2.4218750e+003,  7.5932941e-006,
  2.4375000e+003,  7.5932941e-006,
  2.4531250e+003,  7.5932941e-006,
  2.4687500e+003,  7.5932941e-006,
  2.4843750e+003,  8.1031109e-006,
  2.5000000e+003,  1.9194439e-005,
  2.5156250e+003,  1.5826783e-005,
  2.5312500e+003,  1.6316294e-005,
  2.5468750e+003,  1.2753070e-005,
  2.5625000e+003,  1.8318553e-005,
  2.5781250e+003,  2.0889222e-005,
  2.5937500e+003,  2.0057822e-005,
  2.6093750e+003,  8.3934105e-006,
  2.6250000e+003,  7.5932941e-006,
  2.6406250e+003,  1.0220804e-005,
  2.6562500e+003,  8.4447002e-006,
  2.6718750e+003,  7.5932941e-006,
  2.6875000e+003,  7.5932941e-006,
  2.7031250e+003,  9.5389300e-006,
  2.7187500e+003,  8.7117833e-006,
  2.7343750e+003,  1.1070674e-005,
  2.7500000e+003,  7.5932941e-006,
  2.7656250e+003,  7.5932941e-006,
  2.7812500e+003,  7.5932941e-006,
  2.7968750e+003,  7.5932941e-006,
  2.8125000e+003,  7.5932941e-006,
  2.8281250e+003,  7.5932941e-006,
  2.8437500e+003,  1.5698746e-005,
  2.8593750e+003,  1.8480463e-005,
  2.8750000e+003,  1.7781005e-005,
  2.8906250e+003,  1.6889401e-005,
  2.9062500e+003,  1.4483783e-005,
  2.9218750e+003,  8.7117833e-006,
  2.9375000e+003,  9.7808528e-006,
  2.9531250e+003,  7.5932941e-006,
  2.9687500e+003,  3.4054297e-005,
  2.9843750e+003,  1.1369481e-004,
  3.0000000e+003,  1.7263268e-004,
  3.0156250e+003,  1.2432125e-004,
  3.0312500e+003,  3.7490074e-005,
  3.0468750e+003,  7.5932941e-006,
  3.0625000e+003,  7.5932941e-006,
  3.0781250e+003,  7.5932941e-006,
  3.0937500e+003,  7.5932941e-006,
  3.1093750e+003,  7.5932941e-006,
  3.1250000e+003,  7.8919945e-006,
  3.1406250e+003,  7.5932941e-006,
  3.1562500e+003,  7.5932941e-006,
  3.1718750e+003,  8.4447002e-006,
  3.1875000e+003,  8.4447002e-006,
  3.2031250e+003,  1.2370462e-005,
  3.2187500e+003,  1.6946660e-005,
  3.2343750e+003,  1.5196871e-005,
  3.2500000e+003,  1.9220442e-005,
  3.2656250e+003,  1.6053366e-005,
  3.2812500e+003,  8.4447002e-006,
  3.2968750e+003,  7.5932941e-006,
  3.3125000e+003,  1.0220804e-005,
  3.3281250e+003,  7.6500442e-006,
  3.3437500e+003,  7.5932941e-006,
  3.3593750e+003,  8.9146070e-006,
  3.3750000e+003,  8.0757322e-006,
  3.3906250e+003,  1.4454400e-005,
  3.4062500e+003,  9.0667485e-006,
  3.4218750e+003,  7.5932941e-006,
  3.4375000e+003,  7.5932941e-006,
  3.4531250e+003,  7.8919945e-006,
  3.4687500e+003,  7.5932941e-006,
  3.4843750e+003,  7.5932941e-006,
  3.5000000e+003,  7.5932941e-006,
  3.5156250e+003,  7.5932941e-006,
  3.5312500e+003,  7.5932941e-006,
  3.5468750e+003,  7.5932941e-006,
  3.5625000e+003,  7.6500442e-006,
  3.5781250e+003,  1.2909408e-005,
  3.5937500e+003,  1.1862043e-005,
  3.6093750e+003,  7.5932941e-006,
  3.6250000e+003,  8.0484461e-006,
  3.6406250e+003,  7.5932941e-006,
  3.6562500e+003,  7.9509769e-006,
  3.6718750e+003,  1.2778995e-005,
  3.6875000e+003,  7.6500442e-006,
  3.7031250e+003,  9.4874143e-006,
  3.7187500e+003,  9.9747493e-006,
  3.7343750e+003,  1.1313091e-005,
  3.7500000e+003,  7.7228853e-006,
  3.7656250e+003,  7.5932941e-006,
  3.7812500e+003,  7.5932941e-006,
  3.7968750e+003,  7.5932941e-006,
  3.8125000e+003,  7.5932941e-006,
  3.8281250e+003,  7.5932941e-006,
  3.8437500e+003,  7.5932941e-006,
  3.8593750e+003,  7.5932941e-006,
  3.8750000e+003,  7.5932941e-006,
  3.8906250e+003,  8.1195826e-006,
  3.9062500e+003,  7.5932941e-006,
  3.9218750e+003,  7.5932941e-006,
  3.9375000e+003,  7.5932941e-006,
  3.9531250e+003,  7.5932941e-006,
  3.9687500e+003,  2.8423706e-005,
  3.9843750e+003,  9.8762938e-005,
  4.0000000e+003,  1.4052538e-004,
  4.0156250e+003,  9.8963686e-005,
  4.0312500e+003,  3.1525269e-005,
  4.0468750e+003,  1.4891381e-005,
  4.0625000e+003,  1.2097197e-005,
  4.0781250e+003,  1.6775462e-005,
  4.0937500e+003,  8.7235854e-006,
  4.1093750e+003,  7.5932941e-006,
  4.1250000e+003,  7.5932941e-006,
  4.1406250e+003,  7.5932941e-006,
  4.1562500e+003,  7.5932941e-006,
  4.1718750e+003,  9.9747493e-006,
  4.1875000e+003,  1.7720926e-005,
  4.2031250e+003,  1.4513224e-005,
  4.2187500e+003,  1.0444611e-005,
  4.2343750e+003,  7.5932941e-006,
  4.2500000e+003,  8.5540100e-006,
  4.2656250e+003,  1.1662996e-005,
  4.2812500e+003,  1.3058818e-005,
  4.2968750e+003,  7.5932941e-006,
  4.3125000e+003,  7.5932941e-006,
  4.3281250e+003,  7.5932941e-006,
  4.3437500e+003,  8.4848087e-006,
  4.3593750e+003,  1.3417230e-005,
  4.3750000e+003,  7.5932941e-006,
  4.3906250e+003,  7.5932941e-006,
  4.4062500e+003,  7.5932941e-006,
  4.4218750e+003,  7.9509769e-006,
  4.4375000e+003,  1.2778995e-005,
  4.4531250e+003,  1.1662996e-005,
  4.4687500e+003,  1.3572518e-005,
  4.4843750e+003,  1.0416369e-005,
  4.5000000e+003,  8.7472374e-006,
  4.5156250e+003,  7.5932941e-006,
  4.5312500e+003,  9.1283296e-006,
  4.5468750e+003,  1.5656297e-005,
  4.5625000e+003,  1.7720926e-005,
  4.5781250e+003,  1.2607158e-005,
  4.5937500e+003,  1.2658465e-005,
  4.6093750e+003,  8.1031109e-006,
  4.6250000e+003,  9.4874143e-006,
  4.6406250e+003,  1.5603399e-005,
  4.6562500e+003,  1.3156416e-005,
  4.6718750e+003,  1.2370462e-005,
  4.6875000e+003,  7.5932941e-006,
  4.7031250e+003,  7.7228853e-006,
  4.7187500e+003,  7.5932941e-006,
  4.7343750e+003,  7.5932941e-006,
  4.7500000e+003,  7.5932941e-006,
  4.7656250e+003,  7.6500442e-006,
  4.7812500e+003,  8.3934105e-006,
  4.7968750e+003,  7.5932941e-006,
  4.8125000e+003,  1.3417230e-005,
  4.8281250e+003,  1.2121787e-005,
  4.8437500e+003,  1.8133496e-005,
  4.8593750e+003,  1.6516311e-005,
  4.8750000e+003,  1.5540155e-005,
  4.8906250e+003,  7.5932941e-006,
  4.9062500e+003,  7.5932941e-006,
  4.9218750e+003,  8.7117833e-006,
  4.9375000e+003,  1.1070674e-005,
  4.9531250e+003,  1.6946660e-005,
  4.9687500e+003,  1.9311731e-005,
  4.9843750e+003,  4.9247939e-005,
  5.0000000e+003,  7.0072695e-005,
  5.0156250e+003,  4.6715183e-005,
  5.0312500e+003,  1.2961945e-005,
  5.0468750e+003,  1.4154249e-005,
  5.0625000e+003,  9.9747493e-006,
  5.0781250e+003,  1.4011262e-005,
  5.0937500e+003,  1.4730971e-005,
  5.1093750e+003,  1.7108020e-005,
  5.1250000e+003,  1.3832215e-005,
  5.1406250e+003,  1.4730971e-005,
  5.1562500e+003,  1.1100690e-005,
  5.1718750e+003,  9.4874143e-006,
  5.1875000e+003,  7.5932941e-006,
  5.2031250e+003,  7.5932941e-006,
  5.2187500e+003,  7.5932941e-006,
  5.2343750e+003,  7.5932941e-006,
  5.2500000e+003,  7.5932941e-006,
  5.2656250e+003,  8.4047812e-006,
  5.2812500e+003,  9.4553583e-006,
  5.2968750e+003,  8.0648067e-006,
  5.3125000e+003,  7.5932941e-006,
  5.3281250e+003,  9.5389300e-006,
  5.3437500e+003,  7.5932941e-006,
  5.3593750e+003,  7.5932941e-006,
  5.3750000e+003,  7.5932941e-006,
  5.3906250e+003,  7.5932941e-006,
  5.4062500e+003,  7.5932941e-006,
  5.4218750e+003,  7.5932941e-006,
  5.4375000e+003,  7.5932941e-006,
  5.4531250e+003,  7.5932941e-006,
  5.4687500e+003,  7.5932941e-006,
  5.4843750e+003,  7.5932941e-006,
  5.5000000e+003,  9.1283296e-006,
  5.5156250e+003,  7.9509769e-006,
  5.5312500e+003,  7.5932941e-006,
  5.5468750e+003,  7.5932941e-006,
  5.5625000e+003,  8.0757322e-006,
  5.5781250e+003,  1.2658465e-005,
  5.5937500e+003,  8.3934105e-006,
  5.6093750e+003,  7.6500442e-006,
  5.6250000e+003,  1.4454400e-005,
  5.6406250e+003,  1.4513224e-005,
  5.6562500e+003,  1.3813501e-005,
  5.6718750e+003,  8.3934105e-006,
  5.6875000e+003,  7.5932941e-006,
  5.7031250e+003,  7.5932941e-006,
  5.7187500e+003,  7.5932941e-006,
  5.7343750e+003,  7.5932941e-006,
  5.7500000e+003,  7.5932941e-006,
  5.7656250e+003,  7.5932941e-006,
  5.7812500e+003,  7.5932941e-006,
  5.7968750e+003,  9.0667485e-006,
  5.8125000e+003,  1.0951421e-005,
  5.8281250e+003,  1.0220804e-005,
  5.8437500e+003,  7.5932941e-006,
  5.8593750e+003,  7.5932941e-006,
  5.8750000e+003,  7.5932941e-006,
  5.8906250e+003,  7.5932941e-006,
  5.9062500e+003,  7.5932941e-006,
  5.9218750e+003,  1.2658465e-005,
  5.9375000e+003,  9.3219018e-006,
  5.9531250e+003,  7.5932941e-006,
  5.9687500e+003,  1.7189275e-005,
  5.9843750e+003,  2.7181811e-005,
  6.0000000e+003,  3.3211985e-005,
  6.0156250e+003,  2.1902841e-005,
  6.0312500e+003,  1.7962464e-005,
  6.0468750e+003,  1.9601470e-005,
  6.0625000e+003,  1.8318553e-005,
  6.0781250e+003,  1.2454482e-005,
  6.0937500e+003,  1.0951421e-005,
  6.1093750e+003,  7.5932941e-006,
  6.1250000e+003,  7.5932941e-006,
  6.1406250e+003,  7.5932941e-006,
  6.1562500e+003,  7.6500442e-006,
  6.1718750e+003,  1.0914419e-005,
  6.1875000e+003,  7.5932941e-006,
  6.2031250e+003,  8.1195826e-006,
  6.2187500e+003,  8.1031109e-006,
  6.2343750e+003,  1.0151853e-005,
